%YAML:1.0
---
K: !!opencv-matrix
   rows: 3
   cols: 3
   dt: d
   data: [ 5.9102025197097166e+04, 0., 3.0049898332734761e+03, 0.,
       4.7625212196083616e+04, 1.9998499071892434e+03, 0., 0., 1. ]
D: !!opencv-matrix
   rows: 1
   cols: 5
   dt: d
   data: [ -7.7966159270918673e+00, 2.7610157830394401e+03,
       2.6954102684412651e-01, -2.1698473208616814e-02,
       5.5192621421378503e+00 ]
