%YAML:1.0
---
K: !!opencv-matrix
   rows: 3
   cols: 3
   dt: d
   data: [ 5.9101791605450904e+04, 0., 3.0049911713116271e+03, 0.,
       4.7625175258103991e+04, 1.9998500172149927e+03, 0., 0., 1. ]
D: !!opencv-matrix
   rows: 1
   cols: 5
   dt: d
   data: [ -7.7967876325265442e+00, 2.7610671699531208e+03,
       2.6954082944364749e-01, -2.1698082196425248e-02,
       5.9522109119337099e+00 ]
