%YAML:1.0
---
K: !!opencv-matrix
   rows: 3
   cols: 3
   dt: d
   data: [ 1.5376524590973802e+04, 0., 3.1227278276431880e+03, 0.,
       1.5456590349414788e+04, 1.9914879315015451e+03, 0., 0., 1. ]
D: !!opencv-matrix
   rows: 1
   cols: 5
   dt: d
   data: [ -6.4646838080522018e-02, 1.6094275588472041e+01,
       4.1016469822233942e-03, -5.2399121180574468e-03,
       -3.6853862267070917e+02 ]
