%YAML:1.0
---
K: !!opencv-matrix
   rows: 3
   cols: 3
   dt: d
   data: [ 1.5350563646842633e+04, 0., 3.0974080867554098e+03, 0.,
       1.5368582520522767e+04, 1.8974066996937295e+03, 0., 0., 1. ]
D: !!opencv-matrix
   rows: 1
   cols: 5
   dt: d
   data: [ 2.6500773347972495e-01, 9.3730000702922940e+00,
       -5.5230561324203526e-03, -5.8955138043631687e-03,
       -1.2386917264715764e+02 ]
