%YAML:1.0
---
K: !!opencv-matrix
   rows: 3
   cols: 3
   dt: d
   data: [ 3.7771967395866232e+04, 0., 2.0474730706416985e+03, 0.,
       3.7795845199111114e+04, 2.9913533265573192e+03, 0., 0., 1. ]
D: !!opencv-matrix
   rows: 1
   cols: 5
   dt: d
   data: [ -1.7149745426128926e+00, 1.0692759044287001e+02,
       -1.4183800112230865e-02, -2.3521072940797316e-02,
       6.6668393715520502e-01 ]
