%YAML:1.0
---
XFORM: !!opencv-matrix
   rows: 3
   cols: 3
   dt: d
   data: [ 1.6780060508134917e+00, -1.5919417025209569e-02,
       -4.1743298345365963e+02, 1.4987060432104302e-02,
       1.6815481804820609e+00, -1.9948496814031073e+03,
       -1.0528225836753343e-06, 1.9681268425831212e-07, 1. ]
