%YAML:1.0
---
XFORM: !!opencv-matrix
   rows: 3
   cols: 3
   dt: d
   data: [ 1.5325175617509186e+00, -3.2653073048670093e-02,
       -2.0444045498341645e+03, 4.7650326608190408e-02,
       1.5595671602821715e+00, -1.3806979248524260e+03,
       -1.9960953378181544e-06, 8.4796849390610042e-06, 1. ]
