%YAML:1.0
---
XFORM: !!opencv-matrix
   rows: 3
   cols: 3
   dt: d
   data: [ 1.0999204346621365e+00, 5.7227910232162890e-04,
       -1.2594300720149324e+03, 8.7689437835386551e-04,
       1.1227171024188691e+00, -4.2544576852713334e+01,
       -2.3309347966124929e-06, 3.2018187197435097e-06, 1. ]
