%YAML:1.0
---
XFORM: !!opencv-matrix
   rows: 3
   cols: 3
   dt: d
   data: [ 1.5309928431673780e+00, -3.3707939018599892e-02,
       -2.0383908377442617e+03, 4.8129260207989633e-02,
       1.5580448885935261e+00, -1.3799643872537222e+03,
       -2.0057341898989361e-06, 8.2173570531997467e-06, 1. ]
